0,0,47,1,0,0,0,0,0,0,0,0,0,0,0,0,0,0,0,0,0,229,10,0,0,1,1,0.04,0.06,0,255,10,0.04,0.06,0,0,0,0,1,1,11
0,0,47,1,0,0,0,0,0,0,0,0,0,0,0,0,0,0,0,0,0,136,1,0,0,1,1,0.01,0.06,0,255,1,0,0.06,0,0,0,0,1,1,11
2,0,17,9,12983,0,0,0,0,0,0,0,0,0,0,0,0,0,0,0,0,1,1,0,0,0,0,1,0,0,134,86,0.61,0.04,0.61,0.02,0,0,0,0,0
0,1,11,9,20,0,0,0,0,0,0,0,0,0,0,0,0,0,0,0,0,1,65,0,0,0,0,1,0,1,3,57,1,0,1,0.28,0,0,0,0,5
1,0,58,2,0,15,0,0,0,0,0,0,0,0,0,0,0,0,0,0,0,1,8,0,0.12,1,0.5,1,0,0.75,29,86,0.31,0.17,0.03,0.02,0,0,0.83,0.71,2
0,0,21,9,267,14515,0,0,0,0,0,1,0,0,0,0,0,0,0,0,0,4,4,0,0,0,0,1,0,0,155,255,1,0,0.01,0.03,0.01,0,0,0,0
0,0,52,9,1022,387,0,0,0,0,0,1,0,0,0,0,0,0,0,0,0,1,3,0,0,0,0,1,0,1,255,28,0.11,0.72,0,0,0,0,0.72,0.04,0
0,0,58,9,129,174,0,0,0,0,1,0,0,0,0,0,0,0,0,0,0,1,1,0,0,0,0,1,0,0,255,255,1,0,0,0,0.01,0.01,0.02,0.02,26
0,0,21,9,327,467,0,0,0,0,0,1,0,0,0,0,0,0,0,0,0,33,47,0,0,0,0,1,0,0.04,151,255,1,0,0.01,0.03,0,0,0,0,0
0,0,16,9,26,157,0,0,0,0,1,0,0,0,0,0,0,0,0,0,1,1,1,0,0,0,0,1,0,0,52,26,0.5,0.08,0.02,0,0,0,0,0,26
0,0,58,9,0,0,0,0,0,0,0,0,0,0,0,0,0,0,0,0,0,1,1,0,0,0,0,1,0,0,255,128,0.5,0.01,0,0,0,0,0.66,0.32,2
0,0,52,9,616,330,0,0,0,0,0,1,0,0,0,0,0,0,0,0,0,1,2,0,0,0,0,1,0,1,255,129,0.51,0.03,0,0,0,0,0.33,0,0
0,0,47,1,0,0,0,0,0,0,0,0,0,0,0,0,0,0,0,0,0,111,2,0,0,1,1,0.02,0.07,0,255,2,0.01,0.07,0,0,0,0,1,1,11
0,0,58,5,0,0,0,0,0,0,0,0,0,0,0,0,0,0,0,0,0,120,120,1,1,0,0,1,0,0,235,171,0.73,0.07,0,0,0.69,0.95,0.02,0,11
37,0,58,9,773,364200,0,0,0,0,0,1,0,0,0,0,0,0,0,0,0,1,1,0,0,0,0,1,0,0,38,73,0.16,0.05,0.03,0.04,0,0.77,0,0.07,0
0,0,21,9,350,3610,0,0,0,0,0,1,0,0,0,0,0,0,0,0,0,8,8,0,0,0,0,1,0,0,71,255,1,0,0.01,0.04,0,0,0,0,0
0,0,21,9,213,659,0,0,0,0,0,1,0,0,0,0,0,0,0,0,0,24,24,0,0,0,0,1,0,0,255,255,1,0,0,0,0,0,0,0,0
0,0,21,9,246,2090,0,0,0,0,0,1,0,0,0,0,0,0,0,0,0,16,16,0,0,0,0,1,0,0,35,255,1,0,0.03,0.05,0,0,0,0,0
0,2,47,9,45,44,0,0,0,0,0,0,0,0,0,0,0,0,0,0,0,505,505,0,0,0,0,1,0,0,255,255,1,0,1,0,0,0,0,0,0
0,0,47,1,0,0,0,0,0,0,0,0,0,0,0,0,0,0,0,0,0,204,18,0,0,1,1,0.09,0.07,0,255,18,0.07,0.07,0,0,0,0,1,1,11
0,0,30,1,0,0,0,0,0,0,0,0,0,0,0,0,0,0,0,0,0,118,19,0,0,1,1,0.16,0.05,0,255,19,0.07,0.05,0,0,0,0,1,1,11
0,0,45,5,0,0,0,0,0,0,0,0,0,0,0,0,0,0,0,0,0,1,1,1,1,0,0,1,0,0,255,87,0.34,0.01,0.01,0,1,1,0,0,2
0,0,21,9,196,1823,0,0,0,0,0,1,0,0,0,0,0,0,0,0,0,17,17,0,0,0,0,1,0,0,255,255,1,0,0,0,0,0,0,0,0
0,0,21,9,277,1816,0,0,0,0,0,1,0,0,0,0,0,0,0,0,0,17,18,0,0,0,0,1,0,0.11,36,255,1,0,0.03,0.02,0,0,0,0,0
0,0,3,1,0,0,0,0,0,0,0,0,0,0,0,0,0,0,0,0,0,116,8,0,0,1,1,0.07,0.07,0,255,8,0.03,0.06,0,0,0,0,1,1,11
0,0,7,2,0,0,0,0,0,0,0,0,0,0,0,0,0,0,0,0,0,273,13,0,0,1,1,0.05,0.06,0,255,13,0.05,0.06,0,0,0,0,1,1,11
0,0,21,9,294,6442,0,0,0,0,0,1,0,0,0,0,0,0,0,0,0,22,46,0,0,0,0,1,0,0.11,180,255,1,0,0.01,0.01,0,0,0,0,0
0,0,21,9,300,440,0,0,0,0,0,1,0,0,0,0,0,0,0,0,0,7,7,0,0,0,0,1,0,0,255,255,1,0,0,0,0,0,0,0,0
0,1,12,9,520,0,0,0,0,0,0,0,0,0,0,0,0,0,0,0,0,511,511,0,0,0,0,1,0,0,46,59,1,0,1,0.14,0,0,0,0,14
0,2,47,9,54,51,0,0,0,0,0,0,0,0,0,0,0,0,0,0,0,511,511,0,0,0,0,1,0,0,255,255,1,0,0.83,0,0,0,0,0,0
805,0,21,4,76944,1,0,0,0,0,0,1,0,0,0,0,0,0,0,0,0,12,12,0,0,1,1,1,0,0,241,238,0.99,0.01,0,0,0,0,0.07,0.07,7
0,0,52,9,720,281,0,0,0,0,0,1,0,0,0,0,0,0,0,0,0,1,2,0,0,0,0,1,0,1,158,82,0.52,0.06,0.01,0,0.01,0,0,0,0
0,0,21,9,301,19794,0,0,0,0,0,1,0,0,0,0,0,0,0,0,0,15,15,0,0,0,0,1,0,0,20,255,1,0,0.05,0.02,0.05,0,0,0,0
0,2,47,9,1,1,0,0,0,0,0,0,0,0,0,0,0,0,0,0,0,40,3,0,0,0,0,0.08,0.38,0,255,3,0.01,0.58,0.99,0,0,0,0.01,0,0
0,0,47,1,0,0,0,0,0,0,0,0,0,0,0,0,0,0,0,0,0,483,1,0.05,0,0.92,1,0,1,0,255,1,0,1,0,0,0,0,0.96,1,6
0,0,25,2,0,44,0,0,0,0,0,0,0,0,0,0,0,0,0,0,0,2,2,0,0,1,1,0.5,1,1,185,59,0.24,0.03,0.01,0.03,0.01,0,0.89,0.95,2
0,0,21,9,209,12894,0,0,0,0,0,1,0,0,0,0,0,0,0,0,0,11,11,0,0,0,0,1,0,0,255,255,1,0,0,0,0,0,0,0,0
8,0,16,9,220,688,0,0,0,4,0,1,0,0,0,0,4,0,0,0,0,1,1,0,0,0,0,1,0,0,53,27,0.51,0.08,0.02,0,0,0,0,0,17
0,2,9,9,43,71,0,0,0,0,0,0,0,0,0,0,0,0,0,0,0,113,113,0,0,0,0,1,0,0,255,254,1,0.01,0,0,0,0,0,0,0
0,0,17,9,88382,0,0,0,0,0,0,0,0,0,0,0,0,0,0,0,0,15,15,0,0,0,0,1,0,0,203,114,0.38,0.01,0.38,0.02,0,0,0,0,0
0,0,47,5,0,0,0,0,0,0,0,0,0,0,0,0,0,0,0,0,0,144,8,1,1,0,0,0.06,0.06,0,255,8,0.03,0.06,0,0,1,1,0,0,11
0,0,21,9,277,4968,0,0,0,0,0,1,0,0,0,0,0,0,0,0,0,13,13,0,0,0,0,1,0,0,13,255,1,0,0.08,0.01,0,0,0,0,0
0,0,21,9,321,2715,0,0,0,0,0,1,0,0,0,0,0,0,0,0,0,29,37,0.03,0.05,0,0,1,0,0.08,29,255,1,0,0.03,0.04,0.03,0,0,0,0
0,0,21,9,335,3228,0,0,0,0,0,1,0,0,0,0,0,0,0,0,0,49,50,0,0,0,0,1,0,0.04,255,255,1,0,0,0,0,0,0,0,0
0,0,33,1,0,0,0,0,0,0,0,0,0,0,0,0,0,0,0,0,0,266,8,0,0,1,1,0.03,0.06,0,255,8,0.03,0.06,0,0,0,0,1,1,11
0,0,21,9,234,3236,0,0,0,0,0,1,0,0,0,0,0,0,0,0,0,8,21,0,0,0,0,1,0,0.1,255,255,1,0,0,0,0,0,0,0,0
0,0,57,5,0,0,0,0,0,0,0,0,0,0,0,0,0,0,0,0,0,281,6,1,1,0,0,0.02,0.06,0,255,6,0.02,0.07,0,0,1,1,0,0,11
0,0,21,9,54540,8314,0,0,0,2,0,1,1,0,0,0,0,0,0,0,0,4,24,0,0,0,0,1,0,0.08,255,250,0.98,0.01,0,0,0,0,0.06,0.06,8
0,0,58,5,0,0,0,0,0,0,0,0,0,0,0,0,0,0,0,0,0,1,12,1,0.33,0,0.67,1,0,0.92,91,86,0.34,0.03,0.01,0.03,1,1,0,0,2
0,2,47,9,46,45,0,0,0,0,0,0,0,0,0,0,0,0,0,0,0,68,68,0,0,0,0,1,0,0,255,255,1,0,0.26,0,0,0,0,0,0