0,0,47,1,0,0,0,0,0,0,0,0,0,0,0,0,0,0,0,0,0,229,10,0,0,1,1,0.04,0.06,0,255,10,0.04,0.06,0,0,0,0,1,1,11
0,0,47,1,0,0,0,0,0,0,0,0,0,0,0,0,0,0,0,0,0,136,1,0,0,1,1,0.01,0.06,0,255,1,0,0.06,0,0,0,0,1,1,11
2,0,17,9,12983,0,0,0,0,0,0,0,0,0,0,0,0,0,0,0,0,1,1,0,0,0,0,1,0,0,134,86,0.61,0.04,0.61,0.02,0,0,0,0,0
0,1,11,9,20,0,0,0,0,0,0,0,0,0,0,0,0,0,0,0,0,1,65,0,0,0,0,1,0,1,3,57,1,0,1,0.28,0,0,0,0,5
1,0,58,2,0,15,0,0,0,0,0,0,0,0,0,0,0,0,0,0,0,1,8,0,0.12,1,0.5,1,0,0.75,29,86,0.31,0.17,0.03,0.02,0,0,0.83,0.71,2
0,0,21,9,267,14515,0,0,0,0,0,1,0,0,0,0,0,0,0,0,0,4,4,0,0,0,0,1,0,0,155,255,1,0,0.01,0.03,0.01,0,0,0,0
0,0,52,9,1022,387,0,0,0,0,0,1,0,0,0,0,0,0,0,0,0,1,3,0,0,0,0,1,0,1,255,28,0.11,0.72,0,0,0,0,0.72,0.04,0
0,0,58,9,129,174,0,0,0,0,1,0,0,0,0,0,0,0,0,0,0,1,1,0,0,0,0,1,0,0,255,255,1,0,0,0,0.01,0.01,0.02,0.02,26
0,0,21,9,327,467,0,0,0,0,0,1,0,0,0,0,0,0,0,0,0,33,47,0,0,0,0,1,0,0.04,151,255,1,0,0.01,0.03,0,0,0,0,0
0,0,16,9,26,157,0,0,0,0,1,0,0,0,0,0,0,0,0,0,1,1,1,0,0,0,0,1,0,0,52,26,0.5,0.08,0.02,0,0,0,0,0,26
0,0,58,9,0,0,0,0,0,0,0,0,0,0,0,0,0,0,0,0,0,1,1,0,0,0,0,1,0,0,255,128,0.5,0.01,0,0,0,0,0.66,0.32,2
0,0,52,9,616,330,0,0,0,0,0,1,0,0,0,0,0,0,0,0,0,1,2,0,0,0,0,1,0,1,255,129,0.51,0.03,0,0,0,0,0.33,0,0
0,0,47,1,0,0,0,0,0,0,0,0,0,0,0,0,0,0,0,0,0,111,2,0,0,1,1,0.02,0.07,0,255,2,0.01,0.07,0,0,0,0,1,1,11
0,0,58,5,0,0,0,0,0,0,0,0,0,0,0,0,0,0,0,0,0,120,120,1,1,0,0,1,0,0,235,171,0.73,0.07,0,0,0.69,0.95,0.02,0,11
37,0,58,9,773,364200,0,0,0,0,0,1,0,0,0,0,0,0,0,0,0,1,1,0,0,0,0,1,0,0,38,73,0.16,0.05,0.03,0.04,0,0.77,0,0.07,0